CONV NORM
# 9x9 convolution mask of an exponential with alpha = 5.0 pixels
0.007641802 0.0087146393 0.0096849884 0.010385215 0.010644084 0.010385215 0.0096849884 0.0087146393 0.007641802
0.0087146393 0.01013988 0.011517804 0.012585543 0.013000714 0.012585543 0.011517804 0.01013988 0.0087146393
0.0096849884 0.011517804 0.01345457 0.015146821 0.015879108 0.015146821 0.01345457 0.011517804 0.0096849884
0.010385215 0.012585543 0.015146821 0.017852822 0.019394786 0.017852822 0.015146821 0.012585543 0.010385215
0.010644084 0.013000714 0.015879108 0.019394786 0.023688846 0.019394786 0.015879108 0.013000714 0.010644084
0.010385215 0.012585543 0.015146821 0.017852822 0.019394786 0.017852822 0.015146821 0.012585543 0.010385215
0.0096849884 0.011517804 0.01345457 0.015146821 0.015879108 0.015146821 0.01345457 0.011517804 0.0096849884
0.0087146393 0.01013988 0.011517804 0.012585543 0.013000714 0.012585543 0.011517804 0.01013988 0.0087146393
0.007641802 0.0087146393 0.0096849884 0.010385215 0.010644084 0.010385215 0.0096849884 0.0087146393 0.007641802
