CONV NORM
# 9x9 convolution mask of an exponential with alpha = 10.0 pixels
0.0097950119 0.010460002 0.011026981 0.011418652 0.011560091 0.011418652 0.011026981 0.010460002 0.0097950119
0.010460002 0.011282971 0.012025189 0.012570225 0.012775876 0.012570225 0.012025189 0.011282971 0.010460002
0.011026981 0.012025189 0.012996966 0.013790113 0.014119526 0.013790113 0.012996966 0.012025189 0.011026981
0.011418652 0.012570225 0.013790113 0.014971334 0.01560449 0.014971334 0.013790113 0.012570225 0.011418652
0.011560091 0.012775876 0.014119526 0.01560449 0.017245629 0.01560449 0.014119526 0.012775876 0.011560091
0.011418652 0.012570225 0.013790113 0.014971334 0.01560449 0.014971334 0.013790113 0.012570225 0.011418652
0.011026981 0.012025189 0.012996966 0.013790113 0.014119526 0.013790113 0.012996966 0.012025189 0.011026981
0.010460002 0.011282971 0.012025189 0.012570225 0.012775876 0.012570225 0.012025189 0.011282971 0.010460002
0.0097950119 0.010460002 0.011026981 0.011418652 0.011560091 0.011418652 0.011026981 0.010460002 0.0097950119
