CONV NORM
# 11x11 convolution mask of an exponential with alpha = 30.0 pixels
0.79001586 0.80780267 0.82335727 0.83568336 0.84369239 0.84648172 0.84369239 0.83568336 0.82335727 0.80780267 0.79001586
0.80780267 0.82814932 0.84648172 0.86150777 0.87158939 0.87517332 0.87158939 0.86150777 0.84648172 0.82814932 0.80780267
0.82335727 0.84648172 0.86812345 0.88675633 0.89995614 0.90483742 0.89995614 0.88675633 0.86812345 0.84648172 0.82335727
0.83568336 0.86150777 0.88675633 0.91002710 0.92817443 0.93550699 0.92817443 0.91002710 0.88675633 0.86150777 0.83568336
0.84369239 0.87158939 0.89995614 0.92817443 0.95395340 0.96721610 0.95395340 0.92817443 0.89995614 0.87158939 0.84369239
0.84648172 0.87517332 0.90483742 0.93550699 0.96721610 1.00000000 0.96721610 0.93550699 0.90483742 0.87517332 0.84648172
0.84369239 0.87158939 0.89995614 0.92817443 0.95395340 0.96721610 0.95395340 0.92817443 0.89995614 0.87158939 0.84369239
0.83568336 0.86150777 0.88675633 0.91002710 0.92817443 0.93550699 0.92817443 0.91002710 0.88675633 0.86150777 0.83568336
0.82335727 0.84648172 0.86812345 0.88675633 0.89995614 0.90483742 0.89995614 0.88675633 0.86812345 0.84648172 0.82335727
0.80780267 0.82814932 0.84648172 0.86150777 0.87158939 0.87517332 0.87158939 0.86150777 0.84648172 0.82814932 0.80780267
0.79001586 0.80780267 0.82335727 0.83568336 0.84369239 0.84648172 0.84369239 0.83568336 0.82335727 0.80780267 0.79001586
