CONV NORM
# 11x11 convolution mask of an exponential with alpha = 10.0 pixels
0.49306869 0.52712771 0.55816805 0.58361341 0.60055446 0.60653066 0.60055446 0.58361341 0.55816805 0.52712771 0.49306869
0.52712771 0.56797071 0.60653066 0.63940732 0.66211861 0.67032005 0.66211861 0.63940732 0.60653066 0.56797071 0.52712771
0.55816805 0.60653066 0.65425109 0.69728913 0.72889341 0.74081822 0.72889341 0.69728913 0.65425109 0.60653066 0.55816805
0.58361341 0.63940732 0.69728913 0.75363832 0.79962949 0.81873075 0.79962949 0.75363832 0.69728913 0.63940732 0.58361341
0.60055446 0.66211861 0.72889341 0.79962949 0.86812345 0.90483742 0.86812345 0.79962949 0.72889341 0.66211861 0.60055446
0.60653066 0.67032005 0.74081822 0.81873075 0.90483742 1.00000000 0.90483742 0.81873075 0.74081822 0.67032005 0.60653066
0.60055446 0.66211861 0.72889341 0.79962949 0.86812345 0.90483742 0.86812345 0.79962949 0.72889341 0.66211861 0.60055446
0.58361341 0.63940732 0.69728913 0.75363832 0.79962949 0.81873075 0.79962949 0.75363832 0.69728913 0.63940732 0.58361341
0.55816805 0.60653066 0.65425109 0.69728913 0.72889341 0.74081822 0.72889341 0.69728913 0.65425109 0.60653066 0.55816805
0.52712771 0.56797071 0.60653066 0.63940732 0.66211861 0.67032005 0.66211861 0.63940732 0.60653066 0.56797071 0.52712771
0.49306869 0.52712771 0.55816805 0.58361341 0.60055446 0.60653066 0.60055446 0.58361341 0.55816805 0.52712771 0.49306869
