CONV NORM
# 11x11 convolution mask of an exponential with alpha = 30.0 pixels
0.0074983981 0.0076672208 0.0078148566 0.0079318491 0.0080078664 0.0080343412 0.0080078664 0.0079318491 0.0078148566 0.0076672208 0.0074983981
0.0076672208 0.00786034 0.0080343412 0.0081769603 0.0082726494 0.0083066661 0.0082726494 0.0081769603 0.0080343412 0.00786034 0.0076672208
0.0078148566 0.0080343412 0.0082397526 0.0084166058 0.0085418911 0.0085882215 0.0085418911 0.0084166058 0.0082397526 0.0080343412 0.0078148566
0.0079318491 0.0081769603 0.0084166058 0.0086374791 0.0088097237 0.0088793203 0.0088097237 0.0086374791 0.0084166058 0.0081769603 0.0079318491
0.0080078664 0.0082726494 0.0085418911 0.0088097237 0.0090544036 0.0091802858 0.0090544036 0.0088097237 0.0085418911 0.0082726494 0.0080078664
0.0080343412 0.0083066661 0.0085882215 0.0088793203 0.0091802858 0.0094914527 0.0091802858 0.0088793203 0.0085882215 0.0083066661 0.0080343412
0.0080078664 0.0082726494 0.0085418911 0.0088097237 0.0090544036 0.0091802858 0.0090544036 0.0088097237 0.0085418911 0.0082726494 0.0080078664
0.0079318491 0.0081769603 0.0084166058 0.0086374791 0.0088097237 0.0088793203 0.0088097237 0.0086374791 0.0084166058 0.0081769603 0.0079318491
0.0078148566 0.0080343412 0.0082397526 0.0084166058 0.0085418911 0.0085882215 0.0085418911 0.0084166058 0.0082397526 0.0080343412 0.0078148566
0.0076672208 0.00786034 0.0080343412 0.0081769603 0.0082726494 0.0083066661 0.0082726494 0.0081769603 0.0080343412 0.00786034 0.0076672208
0.0074983981 0.0076672208 0.0078148566 0.0079318491 0.0080078664 0.0080343412 0.0080078664 0.0079318491 0.0078148566 0.0076672208 0.0074983981
