CONV NORM
# 21x21 convolution mask of an exponential with alpha = 10.0 pixels
0.24311673 0.26044530 0.27786362 0.29503669 0.31155158 0.32692190 0.34060461 0.35203290 0.36066566 0.36604919 0.36787944 0.36604919 0.36066566 0.35203290 0.34060461 0.32692190 0.31155158 0.29503669 0.27786362 0.26044530 0.24311673
0.26044530 0.28004858 0.29994401 0.31976292 0.33903044 0.35716300 0.37348188 0.38725058 0.39774092 0.40432409 0.40656966 0.40432409 0.39774092 0.38725058 0.37348188 0.35716300 0.33903044 0.31976292 0.29994401 0.28004858 0.26044530
0.27786362 0.29994401 0.32259073 0.34541296 0.36787944 0.38930269 0.40884172 0.42553828 0.43840106 0.44654023 0.44932896 0.44654023 0.43840106 0.42553828 0.40884172 0.38930269 0.36787944 0.34541296 0.32259073 0.29994401 0.27786362
0.29503669 0.31976292 0.34541296 0.37159546 0.39774092 0.42306370 0.44654023 0.46692935 0.48286847 0.49306869 0.49658530 0.49306869 0.48286847 0.46692935 0.44654023 0.42306370 0.39774092 0.37159546 0.34541296 0.31976292 0.29503669
0.31155158 0.33903044 0.36787944 0.39774092 0.42804449 0.45793640 0.48621214 0.51128895 0.53128561 0.54428828 0.54881164 0.54428828 0.53128561 0.51128895 0.48621214 0.45793640 0.42804449 0.39774092 0.36787944 0.33903044 0.31155158
0.32692190 0.35716300 0.38930269 0.42306370 0.45793640 0.49306869 0.52712771 0.55816805 0.58361341 0.60055446 0.60653066 0.60055446 0.58361341 0.55816805 0.52712771 0.49306869 0.45793640 0.42306370 0.38930269 0.35716300 0.32692190
0.34060461 0.37348188 0.40884172 0.44654023 0.48621214 0.52712771 0.56797071 0.60653066 0.63940732 0.66211861 0.67032005 0.66211861 0.63940732 0.60653066 0.56797071 0.52712771 0.48621214 0.44654023 0.40884172 0.37348188 0.34060461
0.35203290 0.38725058 0.42553828 0.46692935 0.51128895 0.55816805 0.60653066 0.65425109 0.69728913 0.72889341 0.74081822 0.72889341 0.69728913 0.65425109 0.60653066 0.55816805 0.51128895 0.46692935 0.42553828 0.38725058 0.35203290
0.36066566 0.39774092 0.43840106 0.48286847 0.53128561 0.58361341 0.63940732 0.69728913 0.75363832 0.79962949 0.81873075 0.79962949 0.75363832 0.69728913 0.63940732 0.58361341 0.53128561 0.48286847 0.43840106 0.39774092 0.36066566
0.36604919 0.40432409 0.44654023 0.49306869 0.54428828 0.60055446 0.66211861 0.72889341 0.79962949 0.86812345 0.90483742 0.86812345 0.79962949 0.72889341 0.66211861 0.60055446 0.54428828 0.49306869 0.44654023 0.40432409 0.36604919
0.36787944 0.40656966 0.44932896 0.49658530 0.54881164 0.60653066 0.67032005 0.74081822 0.81873075 0.90483742 1.00000000 0.90483742 0.81873075 0.74081822 0.67032005 0.60653066 0.54881164 0.49658530 0.44932896 0.40656966 0.36787944
0.36604919 0.40432409 0.44654023 0.49306869 0.54428828 0.60055446 0.66211861 0.72889341 0.79962949 0.86812345 0.90483742 0.86812345 0.79962949 0.72889341 0.66211861 0.60055446 0.54428828 0.49306869 0.44654023 0.40432409 0.36604919
0.36066566 0.39774092 0.43840106 0.48286847 0.53128561 0.58361341 0.63940732 0.69728913 0.75363832 0.79962949 0.81873075 0.79962949 0.75363832 0.69728913 0.63940732 0.58361341 0.53128561 0.48286847 0.43840106 0.39774092 0.36066566
0.35203290 0.38725058 0.42553828 0.46692935 0.51128895 0.55816805 0.60653066 0.65425109 0.69728913 0.72889341 0.74081822 0.72889341 0.69728913 0.65425109 0.60653066 0.55816805 0.51128895 0.46692935 0.42553828 0.38725058 0.35203290
0.34060461 0.37348188 0.40884172 0.44654023 0.48621214 0.52712771 0.56797071 0.60653066 0.63940732 0.66211861 0.67032005 0.66211861 0.63940732 0.60653066 0.56797071 0.52712771 0.48621214 0.44654023 0.40884172 0.37348188 0.34060461
0.32692190 0.35716300 0.38930269 0.42306370 0.45793640 0.49306869 0.52712771 0.55816805 0.58361341 0.60055446 0.60653066 0.60055446 0.58361341 0.55816805 0.52712771 0.49306869 0.45793640 0.42306370 0.38930269 0.35716300 0.32692190
0.31155158 0.33903044 0.36787944 0.39774092 0.42804449 0.45793640 0.48621214 0.51128895 0.53128561 0.54428828 0.54881164 0.54428828 0.53128561 0.51128895 0.48621214 0.45793640 0.42804449 0.39774092 0.36787944 0.33903044 0.31155158
0.29503669 0.31976292 0.34541296 0.37159546 0.39774092 0.42306370 0.44654023 0.46692935 0.48286847 0.49306869 0.49658530 0.49306869 0.48286847 0.46692935 0.44654023 0.42306370 0.39774092 0.37159546 0.34541296 0.31976292 0.29503669
0.27786362 0.29994401 0.32259073 0.34541296 0.36787944 0.38930269 0.40884172 0.42553828 0.43840106 0.44654023 0.44932896 0.44654023 0.43840106 0.42553828 0.40884172 0.38930269 0.36787944 0.34541296 0.32259073 0.29994401 0.27786362
0.26044530 0.28004858 0.29994401 0.31976292 0.33903044 0.35716300 0.37348188 0.38725058 0.39774092 0.40432409 0.40656966 0.40432409 0.39774092 0.38725058 0.37348188 0.35716300 0.33903044 0.31976292 0.29994401 0.28004858 0.26044530
0.24311673 0.26044530 0.27786362 0.29503669 0.31155158 0.32692190 0.34060461 0.35203290 0.36066566 0.36604919 0.36787944 0.36604919 0.36066566 0.35203290 0.34060461 0.32692190 0.31155158 0.29503669 0.27786362 0.26044530 0.24311673
